1,0.099442,0.70243,0.71988,0.17199,0.90578,1.8974,0.92062,-0.58837,-0.25596,-0.32438,-1.8812,-1.8829,-0.18973,-0.14065,-0.15444
1,-0.23286,0.29422,0.73952,-0.097656,0.0953,-1.0388,-0.71465,-1.8107,0.51882,0.97603,1.7049,-1.3531,1.4659,-0.56243,0.015529
1,-0.02522,0.74791,1.4707,0.40683,0.69819,0.075035,-0.92796,-0.91131,1.3422,-1.3052,0.44936,-0.13527,-1.4169,1.0077,-1.476
1,0.49434,0.46577,1.1422,-0.34837,0.43059,0.15963,1.5296,-1.8402,-1.6612,-0.79941,0.78144,-0.17158,0.65609,0.4035,-1.2425
1,-0.10301,0.35368,0.89462,-0.45675,0.26814,0.98293,1.1401,0.38215,-1.2828,0.52801,-0.027559,-2.008,0.5461,-1.9078,0.69013
1,-0.30138,0.038929,0.8348,-0.42681,0.16028,-0.19796,-2.1523,-0.12237,-0.092101,-1.2561,-1.0748,0.686,1.2452,1.231,1.4276
1,-0.43349,0.34625,-0.031974,-0.09193,0.17566,0.61164,-1.9334,-2.0641,-0.55171,-0.44068,1.4457,1.115,1.0549,0.48869,0.30942
1,-0.3877,0.43177,0.87059,-0.1368,0.42263,0.17409,1.4156,-0.69869,-1.739,-2.2133,0.91465,0.73512,0.81378,-0.15664,-0.44609
1,0.2714,1.0131,0.97197,0.060521,0.47387,-0.37961,1.235,-1.4742,1.4802,0.5528,-1.2535,-1.8136,-0.38487,-0.15817,-0.59493
1,-0.07658,0.80574,0.40593,-0.027101,0.46472,-0.7204,-1.6921,-0.013615,-1.1382,0.051798,0.41295,-1.0628,-0.89755,1.5245,1.9628
1,-0.54297,0.048423,0.48559,-0.6233,0.31563,1.3338,0.24871,-0.23555,-0.20948,1.781,0.46019,0.85171,-1.4582,-2.1734,-0.28213
1,-0.18581,0.29951,1.2328,-0.016001,0.27387,0.99912,-0.94136,1.5283,-1.7618,-0.72531,-1.5768,0.14404,-0.1428,-0.43648,1.3088
1,0.056832,0.24564,1.1039,-0.11545,0.17065,1.6855,0.45332,-1.595,-0.78234,-0.011743,0.73532,-2.0928,-0.9648,0.50897,0.60199
1,-0.084113,-0.16153,0.36523,-0.84816,0.15765,0.16096,1.4028,-2.7013,-0.14732,0.058557,-1.0374,0.65632,0.31365,1.3957,0.46891
1,-0.017346,0.80806,0.89699,-0.25387,0.40591,0.52361,-1.7227,-0.68143,1.1179,-0.32329,-1.3219,-1.2698,-0.69869,1.5741,0.96253
1,-0.50915,-0.1446,0.66469,-0.012989,0.53802,-1.9475,0.10518,1.1803,0.59242,-0.089209,-1.2605,0.95395,0.44373,-1.7745,1.2601
1,-0.94173,0.22045,0.74254,-0.33167,-0.36468,1.0227,-2.0427,0.18382,0.39214,0.012239,0.80927,1.7341,0.74106,-0.7134,-1.4642
1,-0.36321,0.1576,0.89541,-0.11829,0.24404,-0.32339,-1.3835,0.31855,0.78379,-1.395,-0.72044,1.2312,1.7886,-1.6603,0.54494
1,0.21355,0.62593,0.75963,0.090783,0.076932,-0.60317,-1.3204,-1.5055,-0.29431,0.45112,1.5328,1.4825,-0.68963,-1.6243,0.80409
1,-0.39536,0.41164,0.59943,-0.15012,0.17883,-1.3987,1.9941,1.1109,-0.8901,0.63961,0.12321,0.29108,-2.1512,-0.40348,0.040315
1,-0.37531,0.46996,0.60065,-0.27735,0.41899,-1.4703,1.5992,-1.8371,-1.307,0.94139,0.21779,0.37936,0.19111,-0.77769,1.2263
1,-0.17964,0.5166,0.96343,-0.22209,0.56685,-1.467,1.5672,1.3888,-1.0991,1.0169,-0.60622,-0.84437,-0.51056,0.37298,-1.4637
1,-0.24467,0.44461,1.3488,-0.28926,0.55948,-1.0223,1.8955,-1.4701,-1.6067,0.96769,0.11787,0.61409,-0.76679,-0.47451,-0.073749
1,0.035687,0.81207,0.97962,-0.092242,0.78437,-1.2558,0.72729,-1.5804,1.3659,1.185,-0.84823,-0.091608,-1.6848,-0.52832,0.19142
1,-0.74478,0.036066,0.46123,-0.5398,0.13328,-0.55361,0.7411,-1.6431,1.0456,1.065,0.42947,-0.08364,0.78662,1.1195,-2.2529
1,-0.55418,0.26939,0.58674,-1.2558,0.52475,-1.2728,1.4415,-0.094232,-0.47795,1.8638,-1.3315,0.089198,-0.39678,-0.66865,1.2765
1,-0.28851,0.11604,0.17885,-0.36805,0.16809,-2.0205,0.98757,1.3727,0.14805,1.0814,0.54394,0.85213,-1.9552,0.036726,-0.85325
1,0.27036,0.33447,1.0541,0.24359,0.41725,1.0224,-1.0181,0.052747,-1.1453,-0.95913,1.897,0.94364,-0.53576,-1.1201,-1.4571
1,-0.078632,0.5182,0.88682,-0.19028,0.21935,0.52712,0.80714,1.3579,-0.28791,-1.6718,0.26189,-0.95192,1.4268,-1.093,-1.7316
1,0.11632,0.20597,0.83751,-0.084495,0.32902,-1.59,-1.7947,-0.22033,-1.2626,0.92076,1.4638,1.0651,1.0405,-0.5346,-0.49218
1,-0.12042,0.40916,0.67157,-0.35674,0.27191,-0.73957,-0.39432,-2.4839,-0.87019,-0.20155,1.3883,1.1473,-0.11004,-0.10447,1.493
1,0.32154,0.256,1.0887,0.51472,0.50943,1.1518,-1.202,-1.4818,1.5475,-0.38266,0.88121,-0.14981,-0.45357,-1.6362,-0.96488
1,0.07997,1.0029,1.1375,0.46756,1.078,0.34239,1.1416,-1.7783,-0.60494,0.07609,-1.5846,0.82865,-1.1614,-0.89109,-0.13435
1,-0.50234,-0.26896,0.62153,-0.62657,0.131,-0.41933,0.46193,0.28321,-2.0595,0.51757,-0.82494,-1.3381,1.2741,1.4836,1.2669
1,-0.10824,-0.24569,0.9334,-0.22801,0.3846,1.8286,0.70299,-1.196,-1.8582,-1.3268,-0.16235,0.41855,1.3724,0.022905,-0.53816
1,-0.48765,-0.072206,0.44406,-0.38824,-0.095809,0.26365,-1.8887,1.3116,-1.4023,0.97233,1.1235,-0.87887,1.276,-0.94079,0.7635
1,0.11416,-0.13456,0.65984,-0.43493,-0.0051243,-1.9358,0.77453,-1.8088,-0.082821,0.7303,1.0499,1.0842,-1.3544,0.96364,0.37993
1,0.2228,0.37344,0.7019,-0.19392,0.25188,-1.3273,-1.7211,0.5194,0.26125,0.075314,-0.88867,-1.7901,1.1653,1.0394,1.3104
1,-0.42113,0.70994,0.96349,0.16243,0.17338,0.49832,-1.7138,-0.87346,-0.6775,1.1275,-0.038457,2.141,-1.0611,-0.01935,-0.97124
1,0.41208,0.67278,0.90281,-0.29797,0.83803,-0.79507,0.11116,1.608,0.86463,-0.90752,-1.5765,-1.1815,0.45217,-1.6183,0.51516
1,0.21786,0.77668,1.1069,0.20638,0.84611,0.51878,-0.73759,-0.72466,-1.1605,1.505,0.55922,-1.3636,-1.3629,0.88106,-1.2688
1,-0.15814,0.19378,0.95471,-0.23493,0.41338,-0.41301,-1.1926,-1.1174,1.3146,0.85232,0.76066,-1.956,1.5145,-0.89696,-0.034847
1,0.87873,1.006,1.0472,0.26809,0.85724,-1.1768,0.063043,-0.084516,-0.52116,0.89477,-1.3624,-1.3612,-1.775,0.33012,0.93589
1,-0.61393,0.41284,1.0353,-0.04259,0.02703,0.047879,0.33822,1.9466,0.88367,-1.6225,-1.4953,-1.3233,0.22642,-0.61895,0.79865
1,-0.06888,0.47484,0.63064,-0.38929,0.57068,1.1757,-2.0892,0.018211,-1.0176,0.37338,0.72982,-0.18179,0.6916,1.0421,-1.9602
1,0.48866,0.28576,1.038,0.11275,0.5267,1.2696,0.6833,-1.1248,-1.0043,-0.38622,-1.6493,1.7672,-1.2189,-0.686,-0.10245
1,-0.384,0.54502,1.1345,-0.23104,0.29038,-1.6458,1.8579,-0.27664,0.44399,-0.43912,-0.62808,0.98633,-1.8311,-0.53067,0.70832
1,0.10391,0.34631,1.142,0.04701,0.71586,-1.8478,0.11988,-1.6868,-0.073442,-1.3397,1.0492,0.84774,-0.27947,-0.49772,1.353
1,-0.17809,-0.025592,0.63939,0.18359,-0.089498,-2.032,-0.79052,-0.48085,1.5601,0.45563,0.93546,-0.30932,0.61257,1.2477,-1.7285
1,-0.34795,0.12872,0.79224,-0.14687,0.61165,-0.85054,0.15904,1.85,-2.0124,1.1807,-1.209,-0.092685,-1.0679,0.26981,0.73519
2,-0.84259,1.9907,-0.26464,-1.4567,-0.54164,-0.49097,-0.13654,-0.056992,-0.2883,0.13724,1.2937,0.079944,1.8463,-0.095288,-1.1743
2,-1.4496,-0.24114,0.61888,1.497,-0.46162,-0.85892,-0.65483,-0.36288,-0.54425,-0.41428,0.014901,-1.2309,1.044,1.5224,1.5213
2,-0.01711,1.8412,-0.25443,-0.41287,1.3834,-1.6494,-0.52827,-0.41623,-0.6812,-0.6335,-0.33775,1.7514,0.20582,-0.88944,0.63846
2,-1.2018,-0.30244,0.37945,0.9526,0.49548,-0.46721,-0.40242,-0.019414,-0.41256,-0.25493,0.66902,-1.5988,-1.2261,2.0827,1.3064
2,0.38483,-1.1723,-0.62867,1.3204,-0.75413,-0.94873,-0.64183,-0.37797,-0.8999,-0.46487,1.5416,1.7361,1.267,0.15701,-0.51851
2,1.006,0.52385,0.35193,0.6859,2.1477,-0.95403,-0.43217,-0.54163,-0.94187,-0.35195,-0.95338,1.2372,-1.4545,0.33736,-0.66046
2,0.72495,-1.7109,-0.92076,-0.16686,1.7027,-0.25731,0.057054,-0.063667,-0.41642,0.090989,-0.71109,-0.84379,2.2829,0.29089,-0.05872
2,-0.59638,-0.95335,0.61078,-0.97049,-1.093,-0.51962,-0.64868,-0.081203,-0.34271,-0.065113,2.1691,1.4716,-0.26184,-0.26705,1.548
2,-0.55065,-1.2027,0.37883,1.9051,-0.297,-0.84985,-0.57609,0.016769,-0.84837,0.0035477,1.9635,0.1439,0.78962,0.49216,-1.3687
2,1.0615,1.7559,-0.92143,-0.94146,1.3652,-0.77807,-0.52989,-0.12846,-0.49297,0.13685,-0.56597,0.79587,-0.85054,1.3399,-1.2465
2,-1.3134,-0.85044,-1.2197,0.68026,1.4144,-0.51013,-0.4573,-0.26702,-0.86477,-0.15483,1.4911,-0.7434,1.6636,0.33746,0.7941
2,1.8114,-0.33303,-0.1164,-1.2526,0.96728,-0.8263,-0.55192,-0.17071,-0.69503,0.026068,0.2904,-0.52644,2.3771,-0.69673,-0.30305
2,-0.90304,0.17842,0.059968,0.45888,1.2312,-1.1316,-1.3845,-0.77592,-0.50444,-0.61543,0.68266,2.2119,0.76162,0.57762,-0.84728
2,0.61434,2.0657,-1.4328,-1.335,1.4215,-0.32348,-0.44166,-0.4042,-0.3841,0.10779,-1.3113,0.23195,0.29209,1.0037,-0.10459
2,-0.96885,-0.94051,1.9826,-0.16363,0.82592,-0.95092,-0.56669,-0.55945,-0.49074,-0.41065,1.521,-0.17622,0.88805,-1.1031,1.1133
2,0.694,-1.0855,-1.5707,-2.0467,0.53931,-0.62137,-0.35875,0.25539,0.23825,-0.052787,0.92336,1.0807,-0.27547,0.97045,1.3098
2,-0.86939,0.94798,-0.10945,0.35203,1.3275,-0.6813,-0.4444,-0.35993,-0.76839,-0.48752,0.96168,1.4756,-1.396,1.3998,-1.3482
2,-0.22329,0.35652,-1.1181,0.99876,1.5204,-0.88542,-0.55597,-0.45929,-0.70138,-0.21233,0.61665,-0.89601,1.0212,-1.3202,1.8585
2,1.5253,1.2601,-1.5098,1.3332,1.2412,-1.0118,-0.56024,-0.4482,-0.75867,-0.091176,-0.026625,0.81557,0.064778,-1.0019,-0.83177
2,-1.572,0.89251,0.40577,-0.94626,-0.64897,-0.61185,-0.17005,-0.21652,-0.0052513,-0.28437,1.5949,1.9349,0.5727,0.43748,-1.3831
2,1.7445,-1.3818,0.83758,1.8999,0.24511,-0.79598,-0.53647,-0.66492,-0.73693,-0.30689,-1.3624,-0.23412,0.7047,0.075532,0.51221
2,-0.071777,0.90357,-0.85241,-0.70312,-0.46324,-0.52036,-0.17086,0.13675,-0.71508,0.61225,-0.64247,2.4183,1.0657,-1.6484,0.65118
2,-1.4124,-0.91458,-0.19852,0.38805,-0.77068,-0.64364,0.17626,0.31422,-0.63975,0.048797,-0.51897,-0.28615,0.24725,2.3826,1.8275
2,-0.97832,1.1865,-1.0628,0.066341,0.88821,-0.81565,-0.20954,0.021279,-0.35311,0.056126,0.40821,-1.2785,0.24108,2.5492,-0.719
2,0.19174,2.0195,-0.47326,-1.6951,1.1189,-0.85484,-0.85138,-0.41134,-0.79694,-0.44737,0.45771,1.2859,1.0191,-0.19318,-0.36941
2,1.0472,0.017526,0.83067,1.4563,0.44262,-0.79223,-0.61823,-0.88577,-0.89894,-0.55162,1.3646,-1.5758,-0.068331,-1.0269,1.259
2,1.2532,1.0458,1.5496,0.94131,1.2432,-1.4279,-0.91704,-0.59975,-1.041,-0.10728,0.13016,0.11405,-0.13727,-0.91488,-1.1323
2,1.3748,-1.1601,1.451,0.67777,1.3119,-0.84348,-0.6199,-0.4234,-0.62748,-0.77707,-0.94151,-1.1174,0.69504,1.2375,-0.23765
2,-0.19857,1.0767,1.0873,0.1971,-1.0736,-0.82689,-0.63541,-0.14313,-1.0028,-0.43136,0.98603,1.9209,-1.7665,0.49796,0.3123
2,-0.60564,0.73202,1.4195,-0.92298,0.23999,-0.51832,-0.3877,-0.23957,-0.83839,-0.42035,0.74224,0.39116,-1.8995,0.19398,2.1136
2,-1.1285,0.30003,1.1362,1.1334,-1.0641,-0.85522,-0.34208,-0.73217,-0.87119,-0.16773,1.4598,0.67438,1.7539,-0.29215,-1.0046
2,-0.51071,-1.2508,1.8466,0.10113,-0.99154,-0.65699,-0.00063476,0.0083378,-0.20856,0.39954,2.1964,0.57891,0.041875,-0.15687,-1.3967
2,-1.2357,-1.0554,-0.79666,0.31801,1.5506,-0.60375,-0.05585,-0.081681,-0.19779,0.27725,1.646,1.7796,-0.98796,-0.87896,0.32227
2,0.2835,-0.14088,0.22699,-1.2799,2.2195,-0.66704,-0.91047,-0.44425,-0.72466,-0.57047,1.7516,0.76594,-0.81453,0.69871,-0.39406
2,-1.5622,1.0381,0.86032,-0.23866,0.56447,-0.83455,-0.46293,-0.33908,-0.47571,-0.30567,1.6572,-1.6355,-0.40963,0.81379,1.3302
2,-1.485,1.0319,-1.0446,1.1638,0.76131,-1.0855,-0.74525,-0.50697,-0.84384,-0.52648,-0.74483,1.1058,1.2383,0.8278,0.85352
2,1.3118,1.3844,-1.1002,-0.092594,1.1779,-1.0403,-0.92716,-0.51225,-0.55796,-0.24945,1.0582,-0.065781,1.5022,-1.0273,-0.8615
2,-1.3101,-0.76685,1.493,-1.2028,-0.98094,-0.34575,-0.20139,-0.18782,-0.48023,0.31239,0.43606,-0.39299,0.14027,1.5325,1.9548
2,0.25209,0.13391,1.6085,0.56961,-0.99528,-1.4459,-1.1499,-0.98486,-0.90667,-0.45374,1.1946,0.45559,-0.39001,1.5983,0.51369
2,-0.91307,-0.0054525,0.86854,1.4318,-1.1667,-0.97929,-0.049723,-0.55509,-0.63372,-0.45394,-0.43959,1.7715,0.088972,1.7922,-0.7564
2,-1.0293,1.5515,-0.24616,0.064923,1.2305,-0.86346,-0.71867,-0.67079,-0.79681,-0.5032,-1.4977,0.38958,1.1603,1.5779,0.35135
2,0.22337,-1.1825,-0.026585,-1.1313,0.38387,-0.62909,-0.54561,-0.23497,-0.49408,0.025162,-1.4634,1.695,0.3288,1.9455,1.1058
2,-0.26733,0.13392,0.14274,0.5518,-0.66519,-1.3204,-0.47031,-0.27618,-1.1366,-0.26836,2.2043,-0.83773,-0.55172,1.5566,1.2044
2,-0.29068,2.0841,-0.19883,1.1316,-0.0080579,-0.51323,-0.56378,-0.3836,-0.38805,0.057409,0.77867,-1.2906,-0.74023,1.6621,-1.3369
2,1.3109,2.5794,-0.52683,-0.42973,-0.94799,-0.69687,-0.23664,-0.56324,-0.59754,0.20843,0.28722,-1.4979,0.75943,0.028422,0.32293
2,-0.56413,1.5302,-0.94669,0.75559,-0.53475,-0.81273,-0.53829,-0.43464,-0.81975,-0.26058,-0.48938,1.5516,0.85659,-1.0744,1.7813
2,1.2716,-0.72386,0.38328,0.091444,-0.41216,-0.93053,-0.57171,-0.65172,-0.69425,-0.17415,1.5714,-1.7589,1.0832,1.6294,-0.11296
2,0.9595,0.52744,0.54811,-0.59354,-0.1336,-0.91153,-1.1976,-0.2034,-0.84074,-0.20205,1.496,-1.6516,1.2305,-0.5442,1.5167
2,-1.2119,-0.41579,0.46916,-0.45454,2.0966,-0.74881,-0.1449,-0.3356,-0.69374,0.14149,-0.27376,1.3188,0.047106,-1.3975,1.6034
2,-0.94115,1.7587,-0.15759,1.1584,-1.4389,-0.7074,-0.52709,-0.21709,-0.4987,-0.04275,1.4073,1.2987,0.037334,-1.34,0.21023
3,-0.82331,-0.64672,-0.44377,1.0003,-0.20827,-1.6298,-1.0605,1.212,-0.64478,-1.3114,0.92009,0.6763,0.9119,0.87325,1.1747
3,-0.66404,-1.0411,-0.28525,-0.55847,-1.3852,0.75547,0.90039,0.91604,-1.2641,-1.512,0.96882,0.14687,0.91066,1.1954,0.91652
3,-0.33618,-2.2666,-0.63555,-0.047979,-0.12991,0.29276,-0.045396,-1.2083,0.69128,-1.0543,1.311,0.3043,1.136,0.7607,1.2283
3,-1.1364,0.55967,0.54778,-1.4253,-0.65402,-1.3637,-0.30007,-1.6934,0.78537,1.3582,0.68708,0.3986,0.56274,0.76704,0.90633
3,-1.2255,-0.33833,0.11101,-0.87531,-1.8978,-0.61562,0.57298,0.90373,-1.4538,1.0472,0.95826,0.44635,0.73541,0.44135,1.1901
3,-0.48784,0.014849,-1.2478,-0.60732,0.039201,-0.89914,1.0315,-1.592,0.16562,-1.403,1.2298,0.82824,1.2106,0.47602,1.2414
3,-0.69391,-0.30043,-0.57825,-1.5519,-0.29839,0.90065,-1.2799,-1.1175,-0.87211,0.80505,1.0476,0.37945,1.1499,1.0982,1.3114
3,-1.0113,-0.82305,0.93373,-1.7901,1.0916,1.0378,-1.2844,-1.3975,-0.089735,0.23985,0.81354,0.17796,0.85607,0.41756,0.82814
3,-0.071297,-0.082305,-1.0865,0.51012,0.78137,-0.11263,-1.2118,-1.6307,-1.0245,-1.1638,0.95949,0.65251,1.2255,1.1634,1.0912
3,0.56622,0.4429,0.37364,-0.11508,-1.5641,0.58616,0.49235,-1.5085,-2.4255,0.68173,0.46124,-0.062816,0.56873,0.70117,0.80182
3,-1.0033,0.76944,-0.23268,-1.1698,-0.86492,-0.12858,1.2591,-2.1361,-0.83044,0.77009,0.96136,0.35908,0.83658,0.5709,0.8393
3,-1.525,0.61164,0.22699,-1.2065,0.082598,-0.60799,0.73897,0.85416,-2.3403,0.11228,0.98252,-0.16033,0.71802,0.74717,0.76578
3,0.53235,-1.518,0.44004,-1.9765,-0.14346,-1.0012,-1.1552,-0.2374,1.0191,-0.14267,0.99293,0.70208,1.0005,0.38779,1.0996
3,0.89391,0.43979,-0.3744,0.4079,-1.8359,0.14785,-1.8427,-0.58803,-1.5042,0.59997,0.75128,0.37685,1.0177,0.57786,0.93205
3,-1.7481,-0.25823,0.70702,-0.089301,-1.3709,-1.7694,-0.74931,-0.18813,0.85251,1.0059,0.94694,0.15773,0.81022,0.76535,0.92759
3,-0.7348,-0.54118,-0.46945,-0.44239,-1.173,0.14078,1.0921,-1.8155,1.3326,-1.3133,0.87315,0.34736,1.0749,0.79324,0.83544
3,-1.7368,0.74612,-0.28129,0.26289,-1.3823,0.64849,-1.0978,-1.6279,0.99021,-0.10851,0.59776,0.14368,0.9567,0.8368,1.0519
3,0.84637,-1.0124,0.53425,0.78955,0.13979,-0.62766,-1.1339,-0.91204,-1.5803,-1.4309,1.0763,0.30054,1.0525,1.0026,0.9553
3,-1.5356,1.2092,-1.1061,-0.29944,-1.2461,0.24474,0.14489,-1.7895,-0.32622,0.62918,0.91409,0.58806,0.8879,0.57854,1.1063
3,0.27047,-1.0812,-0.54351,-0.31075,-2.1137,-0.18444,0.34345,-1.7695,0.84771,0.42042,0.84395,0.38883,1.1487,0.76103,0.97854
3,-1.1886,-2.1112,0.42468,0.20921,0.47696,1.1437,-0.93169,-0.43087,-0.85675,-0.86126,1.077,0.33141,0.86039,0.69766,1.1594
3,-0.93502,-0.28409,-0.61197,-0.88487,0.22794,0.29082,-2.6692,-0.092412,0.043549,0.61578,0.78091,0.35721,1.2307,0.71907,1.2116
3,0.79114,0.36912,-0.61109,-0.99762,0.4765,-1.6731,-1.6818,0.76192,0.9108,-0.95224,1.1981,-0.59655,0.65141,0.14493,1.2086
3,0.82213,0.15274,0.9753,0.14779,-1.6038,-0.98442,-0.66799,-0.44973,-2.1895,-0.032729,0.41577,0.41931,0.95667,0.99319,1.0453
3,-0.63887,-0.79915,-1.1193,-0.46278,-0.99163,1.0457,-0.95383,-0.92319,-0.96697,0.089985,1.1717,0.79665,1.3018,1.2481,1.2018
3,-0.34782,-0.97362,-1.2531,-1.0218,-1.6118,0.74294,-0.58528,-0.43741,0.74655,-0.46124,0.96491,0.5145,1.413,1.1234,1.1868
3,0.64065,0.068157,-1.7038,0.415,-2.0595,-1.7352,0.87546,0.93025,-0.18689,0.12637,0.44099,0.1825,0.70693,0.69036,0.6087
3,-0.21793,-2.5443,0.26512,-1.3053,-0.049901,-0.74908,0.78714,1.1042,0.42255,-0.78643,0.73779,0.066376,0.42993,0.72087,1.119
3,-0.095633,-0.77508,1.1951,0.3054,-1.129,0.39758,0.42472,-0.48215,-1.4763,-2.0635,1.1741,-0.044099,0.87908,0.79693,0.89289
3,-1.5746,0.38489,0.46131,1.0246,0.56668,-1.2396,-0.36996,-1.1163,-2.0118,0.9778,0.78718,0.23048,0.63599,0.53314,0.71019
3,-1.0496,-1.3767,-1.1359,1.0251,-0.26798,1.0551,-0.3822,-0.81473,-0.025963,-1.4811,1.0489,0.25827,1.1055,1.0202,1.0212
3,-0.51381,-0.11562,0.53521,-1.1568,-1.5311,-1.272,0.18066,0.27434,-1.7236,1.1463,0.89307,0.40146,1.041,0.86305,0.97777
3,0.21358,0.88805,0.6245,-2.1861,0.40771,-0.6104,-0.51104,0.096475,-2.1701,0.46097,0.84105,-0.023196,0.42807,0.46364,1.0768
3,-0.59197,0.68867,-1.3564,-1.0802,0.14041,-1.0682,-1.0211,1.1259,0.70063,-1.6385,0.99766,0.57273,0.88532,0.64723,0.99785
3,-1.8711,-0.63442,-0.86202,-1.2446,-0.33101,0.94216,-1.3733,0.96364,-0.12468,0.20824,0.97991,0.48954,1.0148,0.86673,0.97613
3,-0.52053,-1.3132,-0.42687,-1.8896,0.73415,-1.5766,0.75699,0.31504,-0.72885,0.61888,0.94075,0.42479,0.804,0.61663,1.2444
3,-1.3684,0.35147,0.8717,0.90161,-1.4826,-0.80461,0.91427,0.0084472,-1.3831,-1.4869,0.83251,0.30146,0.69729,0.82281,0.82396
3,-1.5622,-0.25832,-0.43956,0.55652,-1.3588,-0.97112,-0.97707,-1.155,0.62708,0.95224,1.2894,0.46737,1.087,0.74623,0.99612
3,-0.56969,0.80523,0.22369,-0.94996,-1.7835,0.32999,-1.7052,-0.45044,-0.12205,-0.55705,1.2345,0.18267,1.0814,1.0348,1.2456
3,-1.2521,-1.5476,-1.1323,0.92693,1.0534,-0.16174,-0.11545,0.19564,0.017165,-1.8403,0.82414,0.41329,0.57009,0.86931,1.1795
3,1.0636,1.046,0.10476,-0.42878,0.62846,0.16811,-1.1114,-1.9951,-1.5967,-1.062,0.77343,0.29267,0.69159,0.50572,0.91959
3,0.99747,-1.5782,-0.62464,-0.31647,-0.070743,0.31602,-1.5941,-0.6264,-1.5679,0.95405,0.92938,0.48498,0.74845,0.80025,1.1479
3,0.96147,-1.5803,-1.1422,-1.0965,-0.60593,-0.69688,0.43496,-1.1226,0.58133,-0.53334,1.4141,0.47915,1.2215,0.79198,0.89329
3,-0.12618,1.0229,1.1014,-1.0831,-0.56778,-0.080874,0.025937,-1.4662,-1.24,-1.656,1.1541,0.28617,1.0501,0.67046,0.90911
3,-1.4555,0.63919,-0.66234,-0.17072,-1.1232,-0.55381,0.96801,-1.5941,1.0618,-1.1473,0.99317,0.41415,0.79108,0.78001,1.0596
3,0.81956,0.15736,-0.52854,0.82576,-1.3138,-0.13876,-0.70842,-1.9016,0.12299,-1.5671,0.71472,0.42116,1.1675,0.74612,1.1831
3,-0.6517,-1.3332,-0.92537,-1.6297,0.052567,-1.4136,0.11487,0.99446,0.087074,-0.2055,1.0043,0.49284,1.2811,0.88162,1.2501
3,-1.7002,-0.83051,-0.9459,-0.69106,0.2761,1.1364,-1.3277,0.17212,0.15658,-1.0197,1.0984,0.53929,1.0731,0.87999,1.183
3,-0.44857,0.76255,-1.3777,-1.0705,-0.18301,-0.23082,0.77068,-0.24699,-2.4058,0.68752,0.84524,0.24691,1.0468,0.71873,0.88499
3,-1.1269,-0.53215,-1.6039,-0.48472,-1.4328,0.36224,0.8383,0.13803,-1.3331,0.43528,0.88654,0.80595,1.011,0.67488,1.3615
