1,0.025389,-0.42648,-0.59536,-0.79848,-1.1568,-1.2047,-1.2252,-1.207,-1.0244,-0.95595,-0.5908,0.12124,1.5157,1.6412,1.5042,1.1847,0.69407,1.219,1.0889,0.94282,0.42021,0.043647,-0.34889,-0.86694
1,-0.42726,-0.69055,-0.94169,-0.93359,-1.0146,-1.1685,-1.1685,-1.1746,-1.0835,-0.91536,-0.41308,0.089198,1.2376,1.6082,1.3044,1.2862,1.0208,1.0776,1.3874,1.0776,0.37679,0.06692,-0.016118,-0.58523
1,-0.049749,-0.53456,-0.86157,-0.85967,-1.1068,-1.1392,-1.1201,-1.1163,-1.0042,-0.85397,-0.4338,0.28107,1.3591,1.7944,1.4807,1.167,0.97311,1.0435,1.1918,0.92178,0.35141,0.011091,-0.61822,-0.87678
1,-0.58122,-0.76643,-0.93762,-1.0652,-1.1197,-1.1804,-1.21,-1.1477,-1.0108,-0.96253,-0.61235,-0.0069386,0.75722,1.0732,1.123,1.0249,0.87706,1.1183,1.3984,1.5494,1.2366,0.52533,0.16893,-0.25128
1,-0.42456,-0.58055,-0.84975,-1.0259,-1.1969,-1.2624,-1.2926,-1.2699,-1.0913,-1.0108,-0.53275,0.27738,1.1303,1.2234,1.2586,1.0825,1.4171,0.76295,1.2133,1.2032,0.80824,0.25725,0.12642,-0.22329
1,-0.28189,-0.51227,-0.86892,-0.95089,-1.117,-1.2433,-1.2079,-1.1835,-1.0351,-0.97082,-0.66069,0.0016614,0.96307,1.5412,1.5257,1.0783,1.1469,1.0074,1.0938,1.2754,0.71497,0.39597,-0.2398,-0.4724
1,-0.2461,-0.77375,-0.95199,-1.0773,-1.2273,-1.2714,-1.2679,-1.1938,-1.0808,-1.0067,-0.74022,-0.13316,0.7086,1.1127,1.0704,0.91508,0.9839,1.0157,1.1992,1.268,1.1586,1.0351,0.42802,0.075074
1,-0.43166,-0.699,-1.0787,-1.1484,-1.2124,-1.238,-1.2323,-1.1569,-1.0929,-1.0574,-0.72744,0.17557,1.0629,1.2336,1.1411,1.1454,0.88091,0.94064,1.0061,1.2307,0.8994,0.76857,0.4998,0.090242
1,-0.56924,-0.70819,-0.97871,-0.99053,-1.2108,-1.2507,-1.3024,-1.1724,-1.0497,-0.99645,-0.67124,-0.28542,0.62221,1.0332,0.96516,0.72125,0.82029,0.81142,1.0657,1.45,1.385,1.2135,0.68725,0.41082
1,-0.23941,-0.61239,-1.0072,-0.95809,-1.0709,-1.2274,-1.2692,-1.2437,-1.1746,-1.0673,-0.76341,-0.1448,0.71216,1.0942,0.89046,0.63756,0.63938,0.81041,1.5073,1.5582,1.4272,0.76492,0.6321,0.10447
2,-0.85576,-0.98292,-1.0761,-1.085,-1.0958,-1.0922,-1.0671,-0.93457,-0.79665,-0.71964,-0.44919,-0.040821,1.1789,1.2971,1.5031,1.3347,1.2487,1.0446,1.1252,1.1592,0.64337,0.32993,-0.12858,-0.54053
2,-0.89803,-1.0408,-1.0628,-1.1306,-1.1269,-1.1306,-1.1049,-0.96761,-0.84128,-0.78086,-0.34695,-0.055841,0.97676,1.0921,0.51355,0.44032,0.39455,1.0903,1.7018,1.7933,1.3814,0.68749,0.32681,0.088796
2,-0.96147,-0.96147,-0.86785,-1.0855,-1.0925,-1.0738,-1.0762,-0.94275,-0.68529,-0.59635,-0.42081,0.21816,1.3252,1.4727,0.92266,0.67222,0.81031,1.2971,1.777,1.4189,0.65818,0.15262,-0.23591,-0.72508
2,-0.98797,-1.0191,-1.0586,-1.1188,-1.1167,-1.1001,-1.0918,-0.97344,-0.69104,-0.63705,-0.37541,0.35759,1.4083,1.2899,0.93277,0.80196,0.7978,1.1383,1.5163,1.2795,1.1176,0.37628,-0.21552,-0.63082
2,-0.92717,-0.99048,-1.0721,-1.1088,-1.0788,-1.1421,-1.1038,-1.0355,-0.85554,-0.7939,-0.43572,0.067402,1.0453,1.122,0.46723,0.40559,0.53387,0.91871,1.6067,1.8033,1.3569,0.81542,0.50222,-0.10086
2,-0.6968,-0.84879,-0.9686,-1.0348,-1.0634,-1.1081,-1.1099,-1.0813,-0.85058,-0.81124,-0.55732,0.27776,1.2434,1.4705,1.3399,1.0288,0.93403,1.1415,1.3489,1.2076,0.81064,0.25988,-0.26406,-0.66818
2,-0.9087,-1.0373,-1.0705,-1.1307,-1.1576,-1.1452,-1.1203,-0.91285,-0.70957,-0.61623,-0.3445,0.17407,1.4809,1.6281,1.0702,1.1531,0.72997,1.0266,1.2278,1.2776,0.67397,0.31512,-0.056178,-0.54778
2,-0.95736,-0.99635,-1.0158,-1.0895,-1.1046,-1.1003,-1.0787,-0.96819,-0.75376,-0.72344,-0.43753,-0.22959,1.0462,1.3711,0.99851,0.70611,0.76242,1.1501,1.4729,1.6375,1.0483,0.69528,0.01083,-0.44403
2,-0.93734,-1.0035,-1.0406,-1.0799,-1.1274,-1.0861,-1.0758,-0.91049,-0.70182,-0.63571,-0.36507,0.00060257,1.3579,1.3931,1.2546,1.1431,1.1038,1.1534,1.1575,1.3311,0.72575,0.22992,-0.22046,-0.6667
2,-0.96426,-0.93667,-1.042,-1.0997,-1.0721,-1.1273,-1.0947,-0.82382,-0.60564,-0.51536,-0.2721,0.38746,1.5235,1.7793,1.1223,0.98181,0.9116,1.1574,1.2226,1.0144,0.66081,0.099059,-0.51285,-0.79373
